# freq	per	pow	amp
 1.9831097919030000E-003	 5.0425851563185313E+002	 2.9102533550169642E+000	 5.3656114675978868E-002
 3.3051829865050003E-003	 3.0255510937911185E+002	 2.3549128178053667E+000	 4.0493705923917440E-002
 4.6272561811070007E-003	 2.1611079241365132E+002	 7.5778198969562816E-001	 2.3522351454551543E-002
 5.9493293757090010E-003	 1.6808617187728436E+002	 2.5489914193135864E-002	 4.0996493689981770E-003
 7.2714025703110013E-003	 1.3752504971777810E+002	 6.2514898107553241E-001	 1.9670702795571669E-002
 8.5934757649130007E-003	 1.1636734976119688E+002	 4.7542195729472236E-001	 1.6492915208877641E-002
 9.9155489595150002E-003	 1.0085170312637064E+002	 1.0658853915870473E-002	 2.4568894649840741E-003
 1.1237622154117000E-002	 8.8986796876209382E+001	 1.8222608288876702E-001	 1.0018624371770774E-002
 1.2559695348718999E-002	 7.9619765626082085E+001	 1.7133138197163431E-001	 9.6504702544052568E-003
 1.3881768543320998E-002	 7.2036930804550465E+001	 2.8669069109358641E-001	 1.3061627221873550E-002
 1.5203841737922998E-002	 6.5772849865024341E+001	 1.6371101081409918E+000	 3.0636624709796348E-002
 1.6525914932524997E-002	 6.0511021875822387E+001	 2.5989444618724953E+000	 3.8472210730436850E-002
 1.7847988127126999E-002	 5.6028723959094798E+001	 1.9530814405915631E+000	 3.4568949967672180E-002
 1.9170061321729000E-002	 5.2164674030881365E+001	 9.4002538391246160E-001	 2.4203752322532576E-002
 2.0492134516331001E-002	 4.8799211190179335E+001	 5.7985893490833818E-001	 1.8838573557982706E-002
 2.1814207710933002E-002	 4.5841683239259375E+001	 1.7818848878507829E-001	 1.0151437001562898E-002
 2.3136280905535003E-002	 4.3222158482730265E+001	 2.1836094666873970E-001	 1.1382521332181098E-002
 2.4458354100137004E-002	 4.0885825591771869E+001	 8.6875645620888908E-001	 2.2773896804218555E-002
 2.5780427294739006E-002	 3.8789116587065621E+001	 9.0013322463400092E-001	 2.3628182379676798E-002
 2.7102500489341007E-002	 3.6896964558428273E+001	 2.1396700115955497E-001	 1.1498791405817190E-002
 2.8424573683943008E-002	 3.5180826671989749E+001	 3.4885555110622440E-002	 4.4303901344808824E-003
 2.9746646878545009E-002	 3.3617234375456867E+001	 3.0501900437850626E-001	 1.3002483657023061E-002
 3.1068720073147010E-002	 3.2186713763735298E+001	 4.1104429934691789E-001	 1.5418750422073000E-002
 3.2390793267749012E-002	 3.0872970344807324E+001	 2.5094117042487329E-001	 1.1880158171682417E-002
 3.3712866462351013E-002	 2.9662265625403116E+001	 7.3186727573893759E-002	 6.6991271072092259E-003
 3.5034939656953014E-002	 2.8542934847086016E+001	 2.7678654688833570E-002	 3.9386010725228314E-003
 3.6357012851555015E-002	 2.7505009943555617E+001	 5.2745874031641182E-001	 1.8169600742755924E-002
 3.7679086046157016E-002	 2.6539921875360683E+001	 1.5515868739887582E+000	 3.1065610379142791E-002
 3.9001159240759017E-002	 2.5640263506704386E+001	 2.1201586843718898E+000	 3.6324316336391729E-002
 4.0323232435361019E-002	 2.4799599129435389E+001	 1.5980205469975475E+000	 3.1636267361291881E-002
 4.1645305629963020E-002	 2.4012310268183473E+001	 7.2060082930442337E-001	 2.0937099485089716E-002
 4.2967378824565021E-002	 2.3273469952239367E+001	 2.9685678067398041E-001	 1.3156835309809746E-002
 4.4289452019167022E-002	 2.2578739505903862E+001	 2.3336610930456567E-001	 1.1480545269888457E-002
 4.5611525213769023E-002	 2.1924283288341432E+001	 2.9252278059758990E-001	 1.2868270983596719E-002
 4.6933598408371024E-002	 2.1306697843599419E+001	 2.9207020549458251E-001	 1.3100458034160659E-002
 4.8255671602973026E-002	 2.0722952697199435E+001	 2.5271070964661019E-001	 1.2323765925156714E-002
 4.9577744797575027E-002	 2.0170340625274115E+001	 3.8697986614383367E-001	 1.5546456612056411E-002
 5.0899817992177028E-002	 1.9646435673968295E+001	 4.8770068640289821E-001	 1.7101564749006749E-002
 5.2221891186779029E-002	 1.9149057555639981E+001	 2.9025822491252923E-001	 1.2831461662163184E-002
 5.3543964381381030E-002	 1.8676241319698256E+001	 3.1580407795206850E-002	 4.3749981667048736E-003
 5.4866037575983032E-002	 1.8226211408380223E+001	 3.1509425027378990E-001	 1.3597216995923971E-002
 5.6188110770585033E-002	 1.7797359375241864E+001	 9.7381123707703521E-001	 2.4026389005516399E-002
 5.7510183965187034E-002	 1.7388224676960444E+001	 7.7862861629362812E-001	 2.1287043478808127E-002
 5.8832257159789035E-002	 1.6997478055006276E+001	 1.5294639882316086E-001	 9.4755840336519619E-003
 6.0154330354391036E-002	 1.6623907108742401E+001	 4.2418217834623123E-001	 1.5687327001009985E-002
 6.1476403548993037E-002	 1.6266403730059771E+001	 8.5944926067927363E-001	 2.2678470612646898E-002
 6.2798476743595039E-002	 1.5923953125216405E+001	 8.5115747228447403E-001	 2.2562306424609477E-002
 6.4120549938197033E-002	 1.5595624194799575E+001	 1.8952480929099464E+000	 3.3164513403687639E-002
 6.5442623132799027E-002	 1.5280561079753120E+001	 3.6765162594878911E+000	 4.6760525653201906E-002
 6.6764696327401021E-002	 1.4977975711837217E+001	 3.7938903225748928E+000	 4.7218951915902425E-002
 6.8086769522003016E-002	 1.4687141231995719E+001	 2.5767416608419507E+000	 3.9037354127514495E-002
 6.9408842716605010E-002	 1.4407386160910088E+001	 1.4019461878920911E+000	 2.9167302258791085E-002
 7.0730915911207004E-002	 1.4138089223322986E+001	 6.0701885521919097E-001	 1.9430360624823301E-002
 7.2052989105808998E-002	 1.3878674742161097E+001	 1.8855642321065250E-001	 1.0580021751490238E-002
 7.3375062300410993E-002	 1.3628608530590627E+001	 1.2396347815297377E-001	 8.5115245777395501E-003
 7.4697135495012987E-002	 1.3387394220314688E+001	 2.2550532670513998E-001	 1.1628264015634776E-002
 7.6019208689614981E-002	 1.3154569973004868E+001	 3.2667038379750823E-001	 1.3838272126031682E-002
 7.7341281884216975E-002	 1.2929705529021881E+001	 2.5815399129590544E-001	 1.2278805647872329E-002
 7.8663355078818969E-002	 1.2712399553744202E+001	 2.0465422873956290E-001	 1.1151533019613363E-002
 7.9985428273420964E-002	 1.2502277247070746E+001	 5.8291166627051039E-001	 1.8471367781210543E-002
 8.1307501468022958E-002	 1.2298988186142767E+001	 1.0990572715987712E+000	 2.5147884816295034E-002
 8.2629574662624952E-002	 1.2102204375164483E+001	 9.2139491860047040E-001	 2.3346835032811639E-002
 8.3951647857226946E-002	 1.1911618479492603E+001	 2.1682075305474813E-001	 1.1415142210094676E-002
 8.5273721051828941E-002	 1.1726942223996593E+001	 2.6686468967214244E-001	 1.2472386145183988E-002
 8.6595794246430935E-002	 1.1547904938134051E+001	 8.5108616902786183E-001	 2.2036976004679618E-002
 8.7917867441032929E-002	 1.1374252232297449E+001	 7.1227808599552345E-001	 1.9908601620783440E-002
 8.9239940635634923E-002	 1.1205744791818969E+001	 1.9020887216867927E-001	 1.0400478640999095E-002
 9.0562013830236918E-002	 1.1042157276609933E+001	 7.1621430566002134E-002	 6.4181929122178183E-003
 9.1884087024838912E-002	 1.0883277315795402E+001	 4.9629702458823033E-002	 5.3372113884079904E-003
 9.3206160219440906E-002	 1.0728904587911780E+001	 3.5192291492028252E-002	 4.6114189899861390E-003
 9.4528233414042900E-002	 1.0578849978290638E+001	 3.7702743549533735E-001	 1.5102886136241852E-002
 9.5850306608644895E-002	 1.0432934806176284E+001	 4.8748244075827585E-001	 1.6653705986302513E-002
 9.7172379803246889E-002	 1.0290990114935791E+001	 1.0444126925718093E-001	 7.6740375378468702E-003
 9.8494452997848883E-002	 1.0152856019433298E+001	 1.6312338363350687E-001	 9.7927931503046517E-003
 9.9816526192450877E-002	 1.0018381105268618E+001	 1.4158574207808436E+000	 2.8886394242735283E-002
 1.0113859938705287E-001	 9.8874218751343879E+000	 3.0164514171642334E+000	 4.1406785942587537E-002
 1.0246067258165487E-001	 9.7598422380358798E+000	 4.0936495578280256E+000	 4.8236377028525637E-002
 1.0378274577625686E-001	 9.6355130375513465E+000	 4.5720065089857345E+000	 5.1191302034595286E-002
 1.0510481897085885E-001	 9.5143116156953553E+000	 4.6505160313173395E+000	 5.2038249673692479E-002
 1.0642689216546085E-001	 9.3961214092892025E+000	 3.8819153219839722E+000	 4.7410941143609289E-002
 1.0774896536006284E-001	 9.2808315760463902E+000	 2.3259505689945668E+000	 3.6652831443050975E-002
 1.0907103855466484E-001	 9.1683366478518895E+000	 7.7639581331674046E-001	 2.1210821664908088E-002
 1.1039311174926683E-001	 9.0585362089554593E+000	 1.5377684864376584E-001	 9.4537774002704696E-003
 1.1171518494386883E-001	 8.9513345970151583E+000	 6.0009514792704444E-001	 1.8937969485920195E-002
 1.1303725813847082E-001	 8.8466406251202443E+000	 1.4171710052983428E+000	 2.8767584189102371E-002
 1.1435933133307281E-001	 8.7443673230957337E+000	 1.9457348407983537E+000	 3.4354026083970521E-002
 1.1568140452767481E-001	 8.6444316965460679E+000	 1.7947206676202370E+000	 3.3610692183832516E-002
 1.1700347772227680E-001	 8.5467545022348137E+000	 1.2272836552210042E+000	 2.7343176519634631E-002
 1.1832555091687880E-001	 8.4512600385226939E+000	 9.6061646507246023E-001	 2.3494914243341769E-002
 1.1964762411148079E-001	 8.3578759496992383E+000	 1.2084352242755176E+000	 2.5910427262985841E-002
 1.2096969730608279E-001	 8.2665330431451487E+000	 1.7336919103278421E+000	 3.0966691458278336E-002
 1.2229177050068478E-001	 8.1771651183543899E+000	 1.8794835473675675E+000	 3.2600317138040381E-002
 1.2361384369528677E-001	 8.0897088069281402E+000	 1.1771337944630811E+000	 2.6060170258640807E-002
 1.2493591688988877E-001	 8.0041034227278427E+000	 3.3358558322969567E-001	 1.3889412287859133E-002
 1.2625799008449076E-001	 7.9202908214427348E+000	 2.8699777271002931E-002	 4.0358791750311363E-003
 1.2758006327909277E-001	 7.8382152688889235E+000	 2.0094547447910543E-001	 1.0832352729068406E-002
 1.2890213647369478E-001	 7.7578233174131386E+000	 7.9461954371149901E-001	 2.1659072035846483E-002
 1.3022420966829679E-001	 7.6790636898251874E+000	 1.2327481377003482E+000	 2.6588132971566588E-002
 1.3154628286289879E-001	 7.6018871703294568E+000	 2.5283908601889271E+000	 3.8716680458391099E-002
 1.3286835605750080E-001	 7.5262465019679690E+000	 7.6597148755556859E+000	 6.8552544518158218E-002
 1.3419042925210281E-001	 7.4520962901259189E+000	 1.5666126856237538E+001	 9.8069109817933486E-002
 1.3551250244670482E-001	 7.3793929116856658E+000	 2.7060225340493439E+001	 1.2580564141057218E-001
 1.3683457564130683E-001	 7.3080944294471566E+000	 5.7235163576536166E+001	 1.8329285223069214E-001
 1.3815664883590884E-001	 7.2381605114620156E+000	 1.0525689584627982E+002	 2.5029878366626029E-001
 1.3947872203051084E-001	 7.1695523549552664E+000	 1.2715856914631399E+002	 2.7311909493499115E-001
 1.4080079522511285E-001	 7.1022326145331505E+000	 1.0181829610959899E+002	 2.4749818576980151E-001
 1.4212286841971486E-001	 7.0361653343979578E+000	 4.9820777742351851E+001	 1.7207058815215745E-001
 1.4344494161431687E-001	 6.9713158843113403E+000	 1.9167285999421072E+001	 1.0697114096368622E-001
 1.4476701480891888E-001	 6.9076508990664873E+000	 9.5153562287430713E+000	 7.2664264889702984E-002
 1.4608908800352088E-001	 6.8451382212468808E+000	 5.4877817352437193E+000	 5.6251484644711691E-002
 1.4741116119812289E-001	 6.7837468470652942E+000	 1.8913781463747732E+000	 3.3436260551029641E-002
 1.4873323439272490E-001	 6.7234468750913798E+000	 1.6430015439129892E+000	 3.1559070362175784E-002
 1.5005530758732691E-001	 6.6642094576896937E+000	 2.4817823547330145E+000	 3.8781503220820197E-002
 1.5137738078192892E-001	 6.6060067550024471E+000	 2.0536036254332095E+000	 3.5596093741317746E-002
 1.5269945397653092E-001	 6.5488118913227717E+000	 9.5020073670947358E-001	 2.3620935562867144E-002
 1.5402152717113293E-001	 6.4925989137148505E+000	 4.3076936682430605E-001	 1.5609861529363380E-002
 1.5534360036573494E-001	 6.4373427527470639E+000	 5.2473680384589372E-001	 1.7582524152400976E-002
 1.5666567356033695E-001	 6.3830191852133336E+000	 8.7371409351292051E-001	 2.3270770647701305E-002
 1.5798774675493896E-001	 6.3296047987261916E+000	 1.3028821656463352E+000	 2.8073923530319039E-002
 1.5930981994954097E-001	 6.2770769580728620E+000	 2.4164897413718691E+000	 3.7576674041087971E-002
 1.6063189314414297E-001	 6.2254137732327566E+000	 4.7063901165352693E+000	 5.2968634336641562E-002
 1.6195396633874498E-001	 6.1745940689614685E+000	 6.6385722582086384E+000	 6.2859052156120435E-002
 1.6327603953334699E-001	 6.1245973558524680E+000	 6.4787131018643382E+000	 6.1522237058050051E-002
 1.6459811272794900E-001	 6.0754038027934119E+000	 4.7928527563432821E+000	 5.2715136069283491E-002
 1.6592018592255101E-001	 6.0269942107392804E+000	 3.0023499747502873E+000	 4.2193007882174616E-002
 1.6724225911715301E-001	 5.9793499877294840E+000	 1.4913650477577800E+000	 2.9923290230151688E-002
 1.6856433231175502E-001	 5.9324531250806247E+000	 3.6634765692309401E-001	 1.4810148154177838E-002
 1.6988640550635703E-001	 5.8862861746908921E+000	 3.4270002840990965E-001	 1.4163118133907734E-002
 1.7120847870095904E-001	 5.8408322273959810E+000	 1.8695436270174581E+000	 3.3574389669057361E-002
 1.7253055189556105E-001	 5.7960748923201502E+000	 3.1503096988803962E+000	 4.3286460265185803E-002
 1.7385262509016305E-001	 5.7519982771694256E+000	 2.4556094852028951E+000	 3.7741278016401300E-002
 1.7517469828476506E-001	 5.7085869694172038E+000	 1.0198126125146054E+000	 2.4025173681820503E-002
 1.7649677147936707E-001	 5.6658260183354265E+000	 4.1032072450977153E-001	 1.5419157788684979E-002
 1.7781884467396908E-001	 5.6237009178273558E+000	 2.5866445856091486E-001	 1.2279399373023631E-002
 1.7914091786857109E-001	 5.5821975900205123E+000	 1.6226434299061282E-001	 9.6340774193129780E-003
 1.8046299106317309E-001	 5.5413023695808015E+000	 3.1846976895144297E-001	 1.3609577174901976E-002
 1.8178506425777510E-001	 5.5010019887111223E+000	 5.9483549957566317E-001	 1.8311080915259244E-002
 1.8310713745237711E-001	 5.4612835627998502E+000	 6.3921956802258495E-001	 1.9078555314883262E-002
 1.8442921064697912E-001	 5.4221345766865898E+000	 3.0086638856391063E-001	 1.3173767875131626E-002
 1.8575128384158113E-001	 5.3835428715144431E+000	 2.0525777214772553E-001	 1.0890379696843189E-002
 1.8707335703618314E-001	 5.3454966321397821E+000	 6.7004769945428710E-001	 1.9201046319727504E-002
 1.8839543023078514E-001	 5.3079843750721345E+000	 9.1550950915228946E-001	 2.2767309042389529E-002
 1.8971750342538715E-001	 5.2709949369183215E+000	 6.0818753875925580E-001	 1.9013283114529399E-002
 1.9103957661998916E-001	 5.2345174633064300E+000	 3.9027230390951217E-001	 1.5265061828039429E-002
 1.9236164981459117E-001	 5.1985413982665225E+000	 4.9007613645091797E-001	 1.6934049082394965E-002
 1.9368372300919318E-001	 5.1630564740462734E+000	 8.7800528454418547E-001	 2.2266825381524063E-002
 1.9500579620379518E-001	 5.1280527013408745E+000	 1.7790067974688983E+000	 3.1710606111915340E-002
 1.9632786939839719E-001	 5.0935203599177035E+000	 2.8542217223249131E+000	 4.0223885372447692E-002
 1.9764994259299920E-001	 5.0594499896172511E+000	 3.2822118867361123E+000	 4.3775697402148733E-002
 1.9897201578760121E-001	 5.0258323817128172E+000	 2.1093895362990760E+000	 3.4964511716972298E-002
 2.0029408898220322E-001	 4.9926585706124023E+000	 3.9409056485859445E-001	 1.5167824440741452E-002
 2.0161616217680522E-001	 4.9599198258870745E+000	 3.2086365451322935E-001	 1.3560036123103230E-002
 2.0293823537140723E-001	 4.9276076446109371E+000	 1.7025002535405398E+000	 3.1023835534913512E-002
 2.0426030856600924E-001	 4.8957137439985683E+000	 2.0434566787435422E+000	 3.4020457335648756E-002
 2.0558238176061125E-001	 4.8642300543265522E+000	 1.3003344871570703E+000	 2.7701105203681915E-002
 2.0690445495521326E-001	 4.8331487121263823E+000	 1.6347330066648331E+000	 3.1062620422437112E-002
 2.0822652814981527E-001	 4.8024620536366909E+000	 2.8595561207652609E+000	 4.0383079140642875E-002
 2.0954860134441727E-001	 4.7721626085033364E+000	 2.9218512716062288E+000	 4.1124031066218029E-002
 2.1087067453901928E-001	 4.7422430937164810E+000	 1.5884295300397644E+000	 3.0213957682325925E-002
 2.1219274773362129E-001	 4.7126964077743221E+000	 6.9465581030589019E-001	 2.0028330425636530E-002
 2.1351482092822330E-001	 4.6835156250636452E+000	 6.6435832897435509E-001	 1.9841278658826497E-002
 2.1483689412282531E-001	 4.6546939904478686E+000	 6.4214645980630236E-001	 1.9376405367127904E-002
 2.1615896731742731E-001	 4.6262249140536920E+000	 3.6121154583063547E-001	 1.4411555478170399E-002
 2.1748104051202932E-001	 4.5981019662478948E+000	 1.3978140654559615E-001	 9.0017329936230867E-003
 2.1880311370663133E-001	 4.5703188727962454E+000	 1.1545769240196128E-001	 8.2938461301753086E-003
 2.2012518690123334E-001	 4.5428695101968684E+000	 2.1676825148754664E-001	 1.1267354824812496E-002
 2.2144726009583535E-001	 4.5157479011807675E+000	 3.7574925572147799E-001	 1.4645645524138206E-002
 2.2276933329043735E-001	 4.4889482103725733E+000	 4.0385484428533353E-001	 1.4963494076535223E-002
 2.2409140648503936E-001	 4.4624647401048883E+000	 1.8495937238673821E-001	 1.0179912334207258E-002
 2.2541347967964137E-001	 4.4362919263799325E+000	 4.0477937531279116E-002	 4.8656304419776959E-003
 2.2673555287424338E-001	 4.4104243349724692E+000	 2.6726321061062197E-001	 1.2644144654321446E-002
 2.2805762606884539E-001	 4.3848566576682808E+000	 4.6941353581910605E-001	 1.6526139398164212E-002
 2.2937969926344740E-001	 4.3595837086327291E+000	 3.7631989036029678E-001	 1.4811410467839615E-002
 2.3070177245804940E-001	 4.3346004209041746E+000	 2.1335924963857680E-001	 1.1170396546629319E-002
 2.3202384565265141E-001	 4.3099018430072844E+000	 1.8863499287014465E-001	 1.0465293358198268E-002
 2.3334591884725342E-001	 4.2854831356814636E+000	 3.9106498448870164E-001	 1.5202774231330986E-002
 2.3466799204185543E-001	 4.2613395687198778E+000	 1.0118090000217737E+000	 2.4813015196465570E-002
 2.3599006523645744E-001	 4.2374665179147248E+000	 2.1368142765996154E+000	 3.5737423834844580E-002
 2.3731213843105944E-001	 4.2138594621046144E+000	 3.4542709382926446E+000	 4.5293890039139209E-002
 2.3863421162566145E-001	 4.1905139803201017E+000	 4.0021391250359297E+000	 4.8711552691993343E-002
 2.3995628482026346E-001	 4.1674257490235718E+000	 3.3252333658986237E+000	 4.4184425213060617E-002
 2.4127835801486547E-001	 4.1445905394398812E+000	 2.5237301709540381E+000	 3.8032005167154027E-002
 2.4260043120946748E-001	 4.1220042149742682E+000	 3.0267967942693113E+000	 4.1743385685861979E-002
 2.4392250440406948E-001	 4.0996627287142449E+000	 4.6165888930998245E+000	 5.1901204447076930E-002
 2.4524457759867149E-001	 4.0775621210122814E+000	 5.2881846402776418E+000	 5.5086127414750767E-002
 2.4656665079327350E-001	 4.0556985171462641E+000	 3.9358390628549942E+000	 4.7674095972007426E-002
 2.4788872398787551E-001	 4.0340681250548167E+000	 1.8418087960751504E+000	 3.2842660486214093E-002
 2.4921079718247752E-001	 4.0126672331447120E+000	 1.1335646776053196E+000	 2.5502230891446837E-002
 2.5053287037707950E-001	 3.9914922081676951E+000	 1.3702108715572641E+000	 2.7846872636221268E-002
 2.5185494357168148E-001	 3.9705394931641904E+000	 8.6096309751157185E-001	 2.2264358000923259E-002
 2.5317701676628346E-001	 3.9498056054714277E+000	 8.6893452177989230E-002	 7.1749717625416171E-003
 2.5449908996088544E-001	 3.9292871347936544E+000	 1.0806736147540247E-001	 8.0461939822954933E-003
 2.5582116315548742E-001	 3.9089807413321886E+000	 2.4869961415527289E-001	 1.1980678831537554E-002
 2.5714323635008940E-001	 3.8888831539731545E+000	 8.2335449090451401E-002	 6.9312678449182036E-003
 2.5846530954469138E-001	 3.8689911685308371E+000	 1.2660881220939746E-001	 8.4320587785253302E-003
 2.5978738273929336E-001	 3.8493016460446752E+000	 3.0497368634574068E-001	 1.3114840649761990E-002
 2.6110945593389534E-001	 3.8298115111279936E+000	 2.6661903446331686E-001	 1.2363672311098212E-002
 2.6243152912849732E-001	 3.8105177503666439E+000	 2.2908984857092876E-001	 1.1545066278745672E-002
 2.6375360232309930E-001	 3.7914174107658090E+000	 3.1198434791170099E-001	 1.3560471406337335E-002
 2.6507567551770128E-001	 3.7725075982432865E+000	 3.0725096442769190E-001	 1.3396371655412824E-002
 2.6639774871230326E-001	 3.7537854761676379E+000	 4.0523766734463557E-001	 1.5561445951747145E-002
 2.6771982190690524E-001	 3.7352482639396496E+000	 7.3275864668250101E-001	 2.0717311548035654E-002
 2.6904189510150722E-001	 3.7168932356156223E+000	 7.3819962984251675E-001	 2.0712966781481171E-002
 2.7036396829610920E-001	 3.6987177185710474E+000	 2.7121501871255310E-001	 1.2495436483083050E-002
 2.7168604149071118E-001	 3.6807190922033053E+000	 6.5579692230220435E-002	 6.1390435708390369E-003
 2.7300811468531316E-001	 3.6628947866720547E+000	 1.9788194811117824E-002	 3.3740284281785315E-003
 2.7433018787991514E-001	 3.6452422816760452E+000	 3.6023731967001454E-001	 1.4624958596962343E-002
 2.7565226107451712E-001	 3.6277591052651292E+000	 3.3254465623611273E+000	 4.4139856941767017E-002
 2.7697433426911910E-001	 3.6104428326862981E+000	 8.3100062563677533E+000	 6.8357681951395993E-002
 2.7829640746372108E-001	 3.5932910852626105E+000	 1.1115493225159907E+001	 7.9035192996750311E-002
 2.7961848065832307E-001	 3.5763015293039224E+000	 1.0048813527468939E+001	 7.5987251574431883E-002
 2.8094055385292505E-001	 3.5594718750483745E+000	 8.0509645461893058E+000	 6.7629521671535228E-002
 2.8226262704752703E-001	 3.5427998756336283E+000	 7.8957927229773750E+000	 6.7757497500852609E-002
 2.8358470024212901E-001	 3.5262833260968751E+000	 7.2537279123836926E+000	 6.4604636141658053E-002
 2.8490677343673099E-001	 3.5099200624026903E+000	 5.2416408031563506E+000	 5.5200270618176041E-002
 2.8622884663133297E-001	 3.4937079604978285E+000	 2.9000460400059915E+000	 4.2200507452257743E-002
 2.8755091982593495E-001	 3.4776449353920915E+000	 1.2256013807123689E+000	 2.7281103432802940E-002
 2.8887299302053693E-001	 3.4617289402644391E+000	 6.5513553319070561E-001	 1.9679937593834500E-002
 2.9019506621513891E-001	 3.4459579655935308E+000	 5.1443535234183835E-001	 1.7129679857774645E-002
 2.9151713940974089E-001	 3.4303300383119275E+000	 4.2418114741489032E-001	 1.5585202846895711E-002
 2.9283921260434287E-001	 3.4148432209832058E+000	 6.4898304859817646E-001	 1.9425973790602114E-002
 2.9416128579894485E-001	 3.3994956110012589E+000	 1.2294574162064973E+000	 2.7050469905574817E-002
 2.9548335899354683E-001	 3.3842853398110968E+000	 1.4204812526984909E+000	 2.9053884225213929E-002
 2.9680543218814881E-001	 3.3692105721504686E+000	 1.0377845028526131E+000	 2.4782558191834007E-002
 2.9812750538275079E-001	 3.3542695053116640E+000	 6.5313351665453345E-001	 1.9764450054069151E-002
 2.9944957857735277E-001	 3.3394603684228712E+000	 5.0824773151709168E-001	 1.7441326854590891E-002
 3.0077165177195475E-001	 3.3247814217484852E+000	 4.6523345444147718E-001	 1.6639432263255882E-002
 3.0209372496655673E-001	 3.3102309560077918E+000	 2.9687785975821868E-001	 1.3167125102379076E-002
 3.0341579816115871E-001	 3.2958072917114616E+000	 5.2289268988596274E-002	 5.5010597863651839E-003
 3.0473787135576069E-001	 3.2815087785153167E+000	 8.7636327277400353E-002	 7.1084070789233320E-003
 3.0605994455036267E-001	 3.2673337945908449E+000	 2.3140285779980035E-001	 1.1497063539794244E-002
 3.0738201774496465E-001	 3.2532807460119595E+000	 9.4480078489776409E-002	 7.3155296560468127E-003
 3.0870409093956663E-001	 3.2393480661575187E+000	 5.6380193709561911E-002	 5.8395984353869215E-003
 3.1002616413416861E-001	 3.2255342151291289E+000	 3.4300952085553649E-001	 1.4277220787085062E-002
 3.1134823732877059E-001	 3.2118376791837822E+000	 4.8900850863678108E-001	 1.6995576681735736E-002
 3.1267031052337257E-001	 3.1982569701808914E+000	 3.8510589884515262E-001	 1.5034532176180469E-002
 3.1399238371797455E-001	 3.1847906250432878E+000	 3.1761424291699331E-001	 1.3715114799713164E-002
 3.1531445691257654E-001	 3.1714372052317854E+000	 3.8113880270263645E-001	 1.4902587899715408E-002
 3.1663653010717852E-001	 3.1581952962329058E+000	 4.6022807056571702E-001	 1.6276077882284329E-002
 3.1795860330178050E-001	 3.1450635070593802E+000	 4.0264383687869315E-001	 1.5227155491095861E-002
 3.1928067649638248E-001	 3.1320404697630684E+000	 3.6487288607160190E-001	 1.4302487730378377E-002
 3.2060274969098446E-001	 3.1191248389599218E+000	 5.4055244749933484E-001	 1.7869347573756425E-002
 3.2192482288558644E-001	 3.1063152913666574E+000	 5.6826052524082848E-001	 1.8127943750701668E-002
 3.2324689608018842E-001	 3.0936105253487982E+000	 3.6555698478534770E-001	 1.4607356036156481E-002
 3.2456896927479040E-001	 3.0810092604797603E+000	 3.1901477420483876E-001	 1.3550338127866856E-002
 3.2589104246939238E-001	 3.0685102371106741E+000	 7.5338553449842760E-001	 2.1327963834305217E-002
 3.2721311566399436E-001	 3.0561122159506313E+000	 1.0517214405261077E+000	 2.4878853666251841E-002
 3.2853518885859634E-001	 3.0438139776570674E+000	 6.7870366868188536E-001	 1.9617268560034044E-002
 3.2985726205319832E-001	 3.0316143224359973E+000	 2.5832825841477036E-001	 1.2431567063383634E-002
 3.3117933524780030E-001	 3.0195120696518218E+000	 2.8679737913749115E-001	 1.3180790416960044E-002
 3.3250140844240228E-001	 3.0075060574464469E+000	 4.1600994766826316E-001	 1.5776054159356085E-002
 3.3382348163700426E-001	 2.9955951423674514E+000	 5.7814837409712205E-001	 1.8505834618345034E-002
 3.3514555483160624E-001	 2.9837781990050551E+000	 8.2625652132473337E-001	 2.1902350661371587E-002
 3.3646762802620822E-001	 2.9720541196376482E+000	 6.6673719056118941E-001	 1.9663772148329865E-002
 3.3778970122081020E-001	 2.9604218138856422E+000	 2.6982060058089113E-001	 1.2518553851336687E-002
 3.3911177441541218E-001	 2.9488802083734176E+000	 4.0186687303566887E-001	 1.5635384452102868E-002
 3.4043384761001416E-001	 2.9374282463991519E+000	 8.7616030029404124E-001	 2.2994828369458355E-002
 3.4175592080461614E-001	 2.9260648876123083E+000	 1.0837022153172364E+000	 2.4965248349579642E-002
 3.4307799399921812E-001	 2.9147891076985806E+000	 1.0863147352383233E+000	 2.4326875981315672E-002
 3.4440006719382010E-001	 2.9035998980720987E+000	 1.1397232821846697E+000	 2.5333759380937879E-002
 3.4572214038842208E-001	 2.8924962655746911E+000	 9.1288273416806553E-001	 2.3163216389494704E-002
 3.4704421358302406E-001	 2.8814772321820259E+000	 3.3948281706259020E-001	 1.4047976607417472E-002
 3.4836628677762604E-001	 2.8705418347164398E+000	 1.4171329539621241E-001	 9.1441124376246234E-003
 3.4968835997222802E-001	 2.8596891245662830E+000	 3.4380343315213852E-001	 1.4167244318607905E-002
 3.5101043316683000E-001	 2.8489181674116080E+000	 2.0861066063713060E-001	 1.0996794573459236E-002
 3.5233250636143199E-001	 2.8382280429560298E+000	 1.1654980721082975E-002	 2.5809503545454896E-003
 3.5365457955603397E-001	 2.8276178446646054E+000	 4.0605048623899648E-001	 1.5216921578736151E-002
 3.5497665275063595E-001	 2.8170866795075677E+000	 8.6358022073909280E-001	 2.2171716550151637E-002
 3.5629872594523793E-001	 2.8066336677097663E+000	 9.1649591789638707E-001	 2.3106995496953185E-002
 3.5762079913983991E-001	 2.7962579425056640E+000	 8.2638672895513465E-001	 2.2251357484975573E-002
 3.5894287233444189E-001	 2.7859586498997500E+000	 6.4902058100964455E-001	 1.9660785290623702E-002
 3.6026494552904387E-001	 2.7757349484322278E+000	 3.9071601437374992E-001	 1.5265224251034834E-002
 3.6158701872364585E-001	 2.7655860089498434E+000	 2.2631838829644482E-001	 1.1341886287492872E-002
 3.6290909191824783E-001	 2.7555110143817201E+000	 2.8145345777511721E-001	 1.2817718280521416E-002
 3.6423116511284981E-001	 2.7455091595200805E+000	 5.1476108804478160E-001	 1.7552256619472181E-002
 3.6555323830745179E-001	 2.7355796508057226E+000	 6.7365713181514042E-001	 1.9678924529363831E-002
 3.6687531150205377E-001	 2.7257217061181342E+000	 6.5182330802873700E-001	 1.9544838349924726E-002
 3.6819738469665575E-001	 2.7159345545701341E+000	 5.5468762971493357E-001	 1.8336255623798405E-002
 3.6951945789125773E-001	 2.7062174363069134E+000	 3.3414501401619023E-001	 1.4054566129665659E-002
 3.7084153108585971E-001	 2.6965696023093848E+000	 5.1920671623263769E-002	 5.5858295899341975E-003
 3.7216360428046169E-001	 2.6869903142017137E+000	 9.3843173937453533E-002	 7.4224490427197724E-003
 3.7348567747506367E-001	 2.6774788440629469E+000	 4.3003089431716357E-001	 1.5968866226567988E-002
 3.7480775066966565E-001	 2.6680344742426190E+000	 5.9006658326179784E-001	 1.8855135870225418E-002
 3.7612982386426763E-001	 2.6586564971802549E+000	 6.0501632548529360E-001	 1.8852863514260611E-002
 3.7745189705886961E-001	 2.6493442152286604E+000	 6.9897611699062023E-001	 2.0307271530006263E-002
 3.7877397025347159E-001	 2.6400969404809165E+000	 6.3025651838387164E-001	 1.8936522755457385E-002
 3.8009604344807357E-001	 2.6309139946009830E+000	 4.5631716697379476E-001	 1.6199485710927494E-002
 3.8141811664267555E-001	 2.6217947086578253E+000	 3.2872853575209576E-001	 1.3768768158922402E-002
 3.8274018983727753E-001	 2.6127384229629800E+000	 2.9023370166066970E-001	 1.3025735004250945E-002
 3.8406226303187951E-001	 2.6037444869114723E+000	 2.7446123545094370E-001	 1.2907001865131232E-002
 3.8538433622648149E-001	 2.5948122588260127E+000	 1.8779079352821418E-001	 1.0754833578822988E-002
 3.8670640942108347E-001	 2.5859411058043853E+000	 1.5772804228442683E-001	 9.6708279026321876E-003
 3.8802848261568545E-001	 2.5771304035699583E+000	 3.3204360983574760E-001	 1.3793033744562415E-002
 3.8935055581028744E-001	 2.5683795363252386E+000	 4.7533509227377224E-001	 1.6631871301188889E-002
 3.9067262900488942E-001	 2.5596878966084020E+000	 3.2531730605716502E-001	 1.3741704083136854E-002
 3.9199470219949140E-001	 2.5510548851527246E+000	 7.7709819623929199E-002	 6.6704226450891232E-003
 3.9331677539409338E-001	 2.5424799107488498E+000	 1.8632723150797934E-002	 3.3001281527465084E-003
 3.9463884858869536E-001	 2.5339623901098256E+000	 1.1297434482737589E-001	 8.1609795918473720E-003
 3.9596092178329734E-001	 2.5255017477388413E+000	 1.1741833064480778E-001	 8.3902527640629145E-003
 3.9728299497789932E-001	 2.5170974157996104E+000	 1.3286471525582888E-001	 8.9305372896490345E-003
 3.9860506817250130E-001	 2.5087488339893298E+000	 4.2323218500038928E-001	 1.6029687665270066E-002
 3.9992714136710328E-001	 2.5004554494141589E+000	 6.5489333031239583E-001	 1.9982373996537253E-002
 4.0124921456170526E-001	 2.4922167164671598E+000	 4.6215114469636664E-001	 1.6390668509308995E-002
 4.0257128775630724E-001	 2.4840320967086473E+000	 2.1860680720902839E-001	 1.1095689047653226E-002
 4.0389336095090922E-001	 2.4759010587488808E+000	 1.9041331110443799E-001	 1.0399634661748432E-002
 4.0521543414551120E-001	 2.4678230781330606E+000	 3.3107955537309763E-001	 1.3916751265671849E-002
 4.0653750734011318E-001	 2.4597976372285628E+000	 4.8200589634359126E-001	 1.7094524200988066E-002
 4.0785958053471516E-001	 2.4518242251143700E+000	 4.0576344519679403E-001	 1.5599999319801950E-002
 4.0918165372931714E-001	 2.4439023374726436E+000	 2.8904899437923470E-001	 1.3212884672201225E-002
 4.1050372692391912E-001	 2.4360314764823934E+000	 5.0001020364831017E-001	 1.7300889558466953E-002
 4.1182580011852110E-001	 2.4282111507151951E+000	 1.0634559410509634E+000	 2.5415161511211655E-002
 4.1314787331312308E-001	 2.4204408750329063E+000	 1.7093964627501645E+000	 3.1415590528696302E-002
 4.1446994650772506E-001	 2.4127201704873471E+000	 2.5049420078184133E+000	 3.7888710911540405E-002
 4.1579201970232704E-001	 2.4050485642218864E+000	 3.2234385054988497E+000	 4.3289763232559085E-002
 4.1711409289692902E-001	 2.3974255893749077E+000	 3.5217076507062131E+000	 4.4699869882669566E-002
 4.1843616609153100E-001	 2.3898507849850974E+000	 3.8343129622712837E+000	 4.5505104639100867E-002
 4.1975823928613298E-001	 2.3823236958985303E+000	 4.5312155772014044E+000	 5.0178415690949864E-002
 4.2108031248073496E-001	 2.3748438726774990E+000	 4.3473420990830673E+000	 5.0087963145276915E-002
 4.2240238567533694E-001	 2.3674108715110593E+000	 2.8829855707400229E+000	 4.1156110343842797E-002
 4.2372445886993892E-001	 2.3600242541272496E+000	 1.4824948362139814E+000	 2.9574655267637539E-002
 4.2504653206454091E-001	 2.3526835877069470E+000	 1.0799505493087376E+000	 2.5320077146753970E-002
 4.2636860525914289E-001	 2.3453884447993287E+000	 1.6712096904289304E+000	 3.1713296984657705E-002
 4.2769067845374487E-001	 2.3381384032388981E+000	 2.2462574447224997E+000	 3.5857503282539900E-002
 4.2901275164834685E-001	 2.3309330460640481E+000	 1.6031729859127675E+000	 2.9883006826023826E-002
 4.3033482484294883E-001	 2.3237719614371231E+000	 3.4984742306942018E-001	 1.4412414654333227E-002
 4.3165689803755081E-001	 2.3166547425659529E+000	 5.9893714117466856E-002	 5.8725958880498780E-003
 4.3297897123215279E-001	 2.3095809876268203E+000	 4.2871443587766805E-001	 1.5648595469182958E-002
 4.3430104442675477E-001	 2.3025502996888392E+000	 4.3766225103901724E-001	 1.5956682634422150E-002
 4.3562311762135675E-001	 2.2955622866397074E+000	 3.5888712406875883E-001	 1.4604957241830049E-002
 4.3694519081595873E-001	 2.2886165611128098E+000	 1.8525943974589226E-001	 1.0490237524069471E-002
 4.3826726401056071E-001	 2.2817127404156370E+000	 9.4249527657192758E-002	 7.2973489556987046E-003
 4.3958933720516269E-001	 2.2748504464594999E+000	 7.9759318611126206E-001	 2.1391053381550344E-002
 4.4091141039976467E-001	 2.2680293056905061E+000	 1.5255167624749575E+000	 2.9825983706712293E-002
 4.4223348359436665E-001	 2.2612489490217751E+000	 1.0591577079323582E+000	 2.4916422224982110E-002
 4.4355555678896863E-001	 2.2545090117668667E+000	 1.6913730019327591E-001	 9.8987883946143676E-003
 4.4487762998357061E-001	 2.2478091335743948E+000	 1.5458017897181331E-001	 9.3934180836224550E-003
 4.4619970317817259E-001	 2.2411489583638038E+000	 8.1030114530989350E-001	 2.1503428311068520E-002
 4.4752177637277457E-001	 2.2345281342622862E+000	 1.1340957410621306E+000	 2.5486212986088518E-002
 4.4884384956737655E-001	 2.2279463135428097E+000	 7.3919059060233250E-001	 2.0224068715816848E-002
 4.5016592276197853E-001	 2.2214031525632421E+000	 3.0955460504651333E-001	 1.3211947998835537E-002
 4.5148799595658051E-001	 2.2148983117065413E+000	 3.3492522591912000E-001	 1.4229800191316663E-002
 4.5281006915118249E-001	 2.2084314553219970E+000	 5.1606068524015414E-001	 1.7494893429189452E-002
 4.5413214234578447E-001	 2.2020022516674933E+000	 4.0844399387047753E-001	 1.5779525116443167E-002
 4.5545421554038645E-001	 2.1956103728527836E+000	 9.7007970050553852E-002	 7.5934408961294345E-003
 4.5677628873498843E-001	 2.1892554947837453E+000	 8.5004277470014118E-003	 2.2145680960070193E-003
 4.5809836192959041E-001	 2.1829372971076020E+000	 1.4214805393372562E-001	 9.1569860651129747E-003
 4.5942043512419239E-001	 2.1766554631590909E+000	 4.5597036502063398E-001	 1.6410281166441901E-002
 4.6074250831879437E-001	 2.1704096799075581E+000	 9.9181919479912528E-001	 2.4592031177664054E-002
 4.6206458151339636E-001	 2.1641996379049617E+000	 1.2603387999296924E+000	 2.7639297488431486E-002
 4.6338665470799834E-001	 2.1580250312347622E+000	 9.8376663739988468E-001	 2.4200867575263539E-002
 4.6470872790260032E-001	 2.1518855574616902E+000	 6.3838937058545009E-001	 1.9461604398681161E-002
 4.6603080109720230E-001	 2.1457809175823663E+000	 5.7789058099251533E-001	 1.8547128935796540E-002
 4.6735287429180428E-001	 2.1397108159767586E+000	 6.9946019584234698E-001	 2.0446774370593349E-002
 4.6867494748640626E-001	 2.1336749603604632E+000	 7.7382085277108470E-001	 2.1243312060092071E-002
 4.6999702068100824E-001	 2.1276730617377897E+000	 8.0030796917428793E-001	 2.1559418428252763E-002
 4.7131909387561022E-001	 2.1217048343556359E+000	 9.7816938343806170E-001	 2.3494770719878863E-002
 4.7264116707021220E-001	 2.1157699956581375E+000	 1.3711514750921325E+000	 2.8148010060437038E-002
 4.7396324026481418E-001	 2.1098682662420760E+000	 1.3320422575505502E+000	 2.8565623385769803E-002
 4.7528531345941616E-001	 2.1039993698130299E+000	 5.3717660959913471E-001	 1.7852773293456151E-002
 4.7660738665401814E-001	 2.0981630331422587E+000	 2.8365900325745319E-002	 4.0763796376484087E-003
 4.7792945984862012E-001	 2.0923589860242995E+000	 1.1977019591051441E-001	 8.4442757067438954E-003
 4.7925153304322210E-001	 2.0865869612352670E+000	 1.5453529515398443E-001	 9.4403210510153549E-003
 4.8057360623782408E-001	 2.0808466944918416E+000	 4.4291997297806474E-003	 1.5771880789911318E-003
 4.8189567943242606E-001	 2.0751379244109311E+000	 1.6532442087817698E-001	 9.5604545648588120E-003
 4.8321775262702804E-001	 2.0694603924699981E+000	 5.7975965325043355E-001	 1.8394555827367296E-002
 4.8453982582163002E-001	 2.0638138429680337E+000	 7.3209634985182115E-001	 2.0936044150779043E-002
 4.8586189901623200E-001	 2.0581980229871686E+000	 4.8909995885800545E-001	 1.6869288464278955E-002
 4.8718397221083398E-001	 2.0526126823549102E+000	 2.0310844805968681E-001	 1.0697897887364019E-002
 4.8850604540543596E-001	 2.0470575736069945E+000	 1.2674246190551441E-001	 8.7739055803252291E-003
 4.8982811860003794E-001	 2.0415324519508351E+000	 2.7377635703884234E-001	 1.2742405867343031E-002
 4.9115019179463992E-001	 2.0360370752295678E+000	 4.9519262982072071E-001	 1.6767792501695192E-002
 4.9247226498924190E-001	 2.0305712038866699E+000	 6.3455431341897206E-001	 1.8951831715042628E-002
 4.9379433818384388E-001	 2.0251346009311502E+000	 7.9092213654211074E-001	 2.2098419421746413E-002
 4.9511641137844586E-001	 2.0197270319032965E+000	 1.0508318987962659E+000	 2.5124554191821597E-002
 4.9643848457304784E-001	 2.0143482648409710E+000	 1.1450047854615606E+000	 2.5028812949376939E-002
 4.9776055776764982E-001	 2.0089980702464398E+000	 7.3906931299971446E-001	 2.0156081511658052E-002
 4.9908263096225181E-001	 2.0036762210537340E+000	 4.1602810162952203E-001	 2.0673663018679112E-002
 5.0040470415685379E-001	 1.9983824925965248E+000	 7.2300104046462685E-002	 6.9848070537465038E-003
 5.0172677735145577E-001	 1.9931166625765075E+000	 2.2790518464253900E-001	 1.4881047429473193E-002
 5.0304885054605775E-001	 1.9878785110322854E+000	 2.4379237819396410E-001	 1.1765373240776483E-002
 5.0437092374065973E-001	 1.9826678203087409E+000	 4.7283506749483029E-001	 1.7001318948447235E-002
 5.0569299693526171E-001	 1.9774843750268880E+000	 4.0172051100859124E-001	 1.6114808862642067E-002
 5.0701507012986369E-001	 1.9723279620541974E+000	 1.3062206124026343E-001	 8.9719178149835870E-003
 5.0833714332446567E-001	 1.9671983704753828E+000	 3.0703405415113644E-001	 1.3474406634134392E-002
 5.0965921651906765E-001	 1.9620953915636439E+000	 5.5458981617529668E-001	 1.7989478992043222E-002
 5.1098128971366963E-001	 1.9570188187523538E+000	 3.4159449224200111E-001	 1.3951220591485899E-002
 5.1230336290827161E-001	 1.9519684476071864E+000	 4.2837014936988771E-002	 5.0364128850762455E-003
 5.1362543610287359E-001	 1.9469440757986738E+000	 4.6212664290155185E-002	 5.2518574184359981E-003
 5.1494750929747557E-001	 1.9419455030751855E+000	 2.3545550515494107E-001	 1.1622063482875778E-002
 5.1626958249207755E-001	 1.9369725312363246E+000	 4.0949619431390211E-001	 1.4884591034169966E-002
 5.1759165568667953E-001	 1.9320249641067300E+000	 5.1815241348264307E-001	 1.6643841499611917E-002
 5.1891372888128151E-001	 1.9271026075102797E+000	 5.2748082731748491E-001	 1.6947886851956719E-002
 5.2023580207588349E-001	 1.9222052692446883E+000	 4.5475218147593566E-001	 1.6230495937320347E-002
 5.2155787527048547E-001	 1.9173327590564888E+000	 2.8669465186835236E-001	 1.2936755497555498E-002
 5.2287994846508745E-001	 1.9124848886163968E+000	 1.2011543439149427E-001	 8.2875177589757446E-003
 5.2420202165968943E-001	 1.9076614714950439E+000	 4.6113143996466058E-002	 5.1349654352386065E-003
 5.2552409485429141E-001	 1.9028623231390815E+000	 3.1871238438704784E-002	 4.2104195021030379E-003
 5.2684616804889339E-001	 1.8980872608476409E+000	 6.1488451089234966E-002	 6.0759151994913005E-003
 5.2816824124349537E-001	 1.8933361037491487E+000	 1.9291965540941200E-001	 1.0664965677887750E-002
 5.2949031443809735E-001	 1.8886086727784892E+000	 3.0734919294838159E-001	 1.3112328751301873E-002
 5.3081238763269933E-001	 1.8839047906545081E+000	 2.5677690600744030E-001	 1.2054287286039453E-002
 5.3213446082730131E-001	 1.8792242818578508E+000	 1.5190174498226033E-001	 9.4269361899578692E-003
 5.3345653402190329E-001	 1.8745669726091325E+000	 1.8303873015938996E-001	 1.0369180083673301E-002
 5.3477860721650528E-001	 1.8699326908474290E+000	 2.8675106864984951E-001	 1.2599656584025157E-002
 5.3610068041110726E-001	 1.8653212662090877E+000	 3.7140481888188737E-001	 1.4138217137325371E-002
 5.3742275360570924E-001	 1.8607325300068513E+000	 3.4722789685399963E-001	 1.3461395747480794E-002
 5.3874482680031122E-001	 1.8561663152092884E+000	 1.7168374998961677E-001	 9.7077766675368413E-003
 5.4006689999491320E-001	 1.8516224564205266E+000	 7.2963789628906706E-002	 6.5995363150957772E-003
 5.4138897318951518E-001	 1.8471007898602811E+000	 3.4410912369673086E-001	 1.4827867076526504E-002
 5.4271104638411716E-001	 1.8426011533441782E+000	 4.9311609361190334E-001	 1.7572168244420736E-002
 5.4403311957871914E-001	 1.8381233862643624E+000	 2.7409778691889364E-001	 1.2514230660285055E-002
 5.4535519277332112E-001	 1.8336673295703882E+000	 3.4302777028111059E-001	 1.4040631502332352E-002
 5.4667726596792310E-001	 1.8292328257503874E+000	 5.6836845671913294E-001	 1.8302245103021694E-002
 5.4799933916252508E-001	 1.8248197188125095E+000	 3.3288219308840766E-001	 1.3943655391438764E-002
 5.4932141235712706E-001	 1.8204278542666310E+000	 1.6782587891437503E-001	 9.7643181360730167E-003
 5.5064348555172904E-001	 1.8160570791063271E+000	 5.4224218250629463E-001	 1.7729448442886826E-002
 5.5196555874633102E-001	 1.8117072417911022E+000	 7.4573710861301612E-001	 2.0889013656476871E-002
 5.5328763194093300E-001	 1.8073781922288774E+000	 4.1142139366617797E-001	 1.5367497269002089E-002
 5.5460970513553498E-001	 1.8030697817587251E+000	 8.6338372206797021E-002	 6.9704910627371554E-003
 5.5593177833013696E-001	 1.7987818631338530E+000	 4.7593547306362593E-003	 1.6803154157746113E-003
 5.5725385152473894E-001	 1.7945142905048286E+000	 8.6266923641325280E-003	 2.2466245896503390E-003
 5.5857592471934092E-001	 1.7902669194030421E+000	 1.1067642242156607E-001	 7.8721587736096943E-003
 5.5989799791394290E-001	 1.7860396067244044E+000	 4.7892019807990405E-001	 1.6486607645168360E-002
 5.6122007110854488E-001	 1.7818322107132751E+000	 8.1123556543712383E-001	 2.1602650990158026E-002
 5.6254214430314686E-001	 1.7776445909466165E+000	 7.2404708340218582E-001	 2.0406329857262626E-002
 5.6386421749774884E-001	 1.7734766083183713E+000	 7.5908533143153922E-001	 2.0881534598008761E-002
 5.6518629069235082E-001	 1.7693281250240593E+000	 1.2509464698133799E+000	 2.6909463083917711E-002
 5.6650836388695280E-001	 1.7651990045455901E+000	 1.4135298539142609E+000	 2.8575926216697776E-002
 5.6783043708155478E-001	 1.7610891116362872E+000	 9.1098716417094550E-001	 2.2944038586888670E-002
 5.6915251027615676E-001	 1.7569983123061217E+000	 3.4475613116561576E-001	 1.4059346430745063E-002
 5.7047458347075874E-001	 1.7529264738071504E+000	 1.2423545597111174E-001	 8.2788554475119024E-003
 5.7179665666536073E-001	 1.7488734646191570E+000	 1.0515762344387279E-001	 7.8458655485816754E-003
 5.7311872985996271E-001	 1.7448391544354911E+000	 2.3025330070849753E-001	 1.1720948746081677E-002
 5.7444080305456469E-001	 1.7408234141491035E+000	 6.2820776693382652E-001	 1.9167634452646760E-002
 5.7576287624916667E-001	 1.7368261158387726E+000	 8.4610792780553890E-001	 2.2015262584065103E-002
 5.7708494944376865E-001	 1.7328471327555222E+000	 1.0886329706291540E+000	 2.5627838050728505E-002
 5.7840702263837063E-001	 1.7288863393092240E+000	 3.0795499006522471E+000	 4.4316402877350919E-002
 5.7972909583297261E-001	 1.7249436110553831E+000	 5.7582976672234754E+000	 5.9844030490066973E-002
 5.8105116902757459E-001	 1.7210188246821059E+000	 5.5379001490034510E+000	 5.8263844134418277E-002
 5.8237324222217657E-001	 1.7171118579972429E+000	 2.6519464331519136E+000	 4.0197658547117751E-002
 5.8369531541677855E-001	 1.7132225899157090E+000	 7.4697663082320853E-001	 2.0780189687977905E-002
 5.8501738861138053E-001	 1.7093509004469729E+000	 5.2923506798598030E-001	 1.7621470403384066E-002
 5.8633946180598251E-001	 1.7054966706827182E+000	 2.8803323320576896E-001	 1.3077758870557121E-002
 5.8766153500058449E-001	 1.7016597827846693E+000	 6.8459700888830804E-003	 2.0237653012139985E-003
 5.8898360819518647E-001	 1.6978401199725826E+000	 1.4857752215049719E-001	 9.3202419645271699E-003
 5.9030568138978845E-001	 1.6940375665123977E+000	 3.1348416742086610E-001	 1.3452539786213471E-002
 5.9162775458439043E-001	 1.6902520077045489E+000	 2.5688903621569836E-001	 1.2385455580571792E-002
 5.9294982777899241E-001	 1.6864833298724318E+000	 1.7877120886953876E-001	 1.0106727658572387E-002
 5.9427190097359439E-001	 1.6827314203510246E+000	 1.8786429556602449E-001	 1.0472461798246235E-002
 5.9559397416819637E-001	 1.6789961674756617E+000	 1.4904494362478130E-001	 9.3657913184071670E-003
 5.9691604736279835E-001	 1.6752774605709537E+000	 2.1630173585550785E-001	 1.1296726392652235E-002
 5.9823812055740033E-001	 1.6715751899398579E+000	 3.8277659076275755E-001	 1.5195358095001135E-002
 5.9956019375200231E-001	 1.6678892468528901E+000	 2.8130705938737921E-001	 1.3327491370287659E-002
 6.0088226694660429E-001	 1.6642195235374821E+000	 3.6888908045141340E-002	 4.6983445405479095E-003
 6.0220434014120627E-001	 1.6605659131674768E+000	 6.0357793543419309E-002	 5.8819261470852962E-003
 6.0352641333580825E-001	 1.6569283098527616E+000	 1.4786043431998858E-001	 9.2288835022136285E-003
 6.0484848653041023E-001	 1.6533066086290398E+000	 1.5392085840394121E-001	 9.7292824079572900E-003
 6.0617055972501221E-001	 1.6497007054477333E+000	 2.4574555033225617E-001	 1.1928392741933575E-002
 6.0749263291961420E-001	 1.6461104971660190E+000	 4.6374878551637821E-001	 1.6496847840689291E-002
 6.0881470611421618E-001	 1.6425358815369939E+000	 4.4182583780584439E-001	 1.6505853507074932E-002
 6.1013677930881816E-001	 1.6389767571999692E+000	 1.2233854218567893E-001	 8.5755001687909792E-003
 6.1145885250342014E-001	 1.6354330236708881E+000	 3.0730020000940272E-001	 1.3201134891397197E-002
 6.1278092569802212E-001	 1.6319045813328712E+000	 9.8574731186075826E-001	 2.3464515586001409E-002
 6.1410299889262410E-001	 1.6283913314268801E+000	 1.0386820959439176E+000	 2.3891994340388516E-002
 6.1542507208722608E-001	 1.6248931760425045E+000	 3.9491452501099428E-001	 1.4963198377173102E-002
 6.1674714528182806E-001	 1.6214100181088655E+000	 7.2286761773911147E-003	 2.1346665115163570E-003
 6.1806921847643004E-001	 1.6179417613856382E+000	 1.3159448023060627E-001	 8.7185569812874685E-003
 6.1939129167103202E-001	 1.6144883104541854E+000	 2.7373823630373756E-001	 1.2709302978593856E-002
 6.2071336486563400E-001	 1.6110495707088091E+000	 2.3050635169259653E-001	 1.1552783353260323E-002
 6.2203543806023598E-001	 1.6076254483481103E+000	 1.7528206940527430E-001	 9.8255400713246326E-003
 6.2335751125483796E-001	 1.6042158503664599E+000	 3.2990689422314762E-001	 1.4138768183299070E-002
 6.2467958444943994E-001	 1.6008206845455786E+000	 4.4515501131106128E-001	 1.6476389186472887E-002
 6.2600165764404192E-001	 1.5974398594462216E+000	 2.7531523201347546E-001	 1.2679247310599393E-002
 6.2732373083864390E-001	 1.5940732843999703E+000	 9.8205702036640530E-002	 7.4704355304939015E-003
 6.2864580403324588E-001	 1.5907208695011270E+000	 1.1648893791824531E-001	 8.1981984511751496E-003
 6.2996787722784786E-001	 1.5873825255987113E+000	 8.5433892570921710E-001	 2.2241098834441836E-002
 6.3128995042244984E-001	 1.5840581642885569E+000	 2.8550890835207214E+000	 4.0312991587274208E-002
 6.3261202361705182E-001	 1.5807476979055088E+000	 4.5261061744337976E+000	 5.0328781590730523E-002
 6.3393409681165380E-001	 1.5774510395157162E+000	 3.8193860341122896E+000	 4.6810376552011999E-002
 6.3525617000625578E-001	 1.5741681029090238E+000	 1.4784067445725824E+000	 2.9351717811772104E-002
 6.3657824320085776E-001	 1.5708988025914559E+000	 1.4913964016079206E-001	 9.2927345588580453E-003
 6.3790031639545974E-001	 1.5676430537777948E+000	 3.0124994184414161E-003	 1.3169820348940199E-003
 6.3922238959006172E-001	 1.5644007723842523E+000	 2.8504105480735079E-002	 4.1179845221573962E-003
 6.4054446278466370E-001	 1.5611718750212302E+000	 3.8228431177139721E-001	 1.4907478707297160E-002
 6.4186653597926568E-001	 1.5579562789861710E+000	 9.1885450208350450E-001	 2.2874547332561300E-002
 6.4318860917386766E-001	 1.5547539022564976E+000	 8.6218625811446570E-001	 2.2159151649686952E-002
 6.4451068236846965E-001	 1.5515646634826381E+000	 3.3072470395603715E-001	 1.3852887445271921E-002
 6.4583275556307163E-001	 1.5483884819811382E+000	 2.9223850950428946E-002	 4.2454097572053092E-003
 6.4715482875767361E-001	 1.5452252777278570E+000	 1.1430651106630692E-002	 2.5883737428859504E-003
 6.4847690195227559E-001	 1.5420749713512458E+000	 9.0403952593428510E-002	 7.2154177397259099E-003
 6.4979897514687757E-001	 1.5389374841257093E+000	 3.3041698541090120E-001	 1.3585475979503834E-002
 6.5112104834147955E-001	 1.5358127379650479E+000	 4.5706862441040846E-001	 1.6257863449086026E-002
 6.5244312153608153E-001	 1.5327006554159799E+000	 1.3935973250474706E-001	 9.2592237479915390E-003
 6.5376519473068351E-001	 1.5296011596517414E+000	 1.1387003942540513E-001	 8.1129516977271471E-003
 6.5508726792528549E-001	 1.5265141744657642E+000	 1.3040863677779218E+000	 2.6825179467650256E-002
 6.5640934111988747E-001	 1.5234396242654302E+000	 3.0898638098881701E+000	 4.1449681537126130E-002
 6.5773141431448945E-001	 1.5203774340659018E+000	 3.6093642822334990E+000	 4.4442437995011241E-002
